1 1765360146 0.000000 1 0.000000 0.000000 0.000000
2 1765360146 0.000000 1 0.000000 0.000000 0.000000
3 1765360146 0.000000 1 0.000000 0.000000 0.000000
4 1765360146 0.000000 1 0.000000 0.000000 0.000000
1 1765360147 0.000000 1 0.000000 0.000000 0.000000
2 1765360147 0.000000 1 0.000000 0.000000 0.000000
3 1765360147 0.000000 1 0.000000 0.000000 0.000000
4 1765360147 0.000000 1 0.000000 0.000000 0.000000
1 1765360148 0.000000 1 0.000000 0.000000 0.000000
2 1765360148 0.000000 1 0.000000 0.000000 0.000000
3 1765360148 0.000000 1 0.000000 0.000000 0.000000
4 1765360148 0.000000 1 0.000000 0.000000 0.000000
1 1765360149 0.000000 1 0.000000 0.000000 0.000000
2 1765360149 0.000000 1 0.000000 0.000000 0.000000
3 1765360149 0.000000 1 0.000000 0.000000 0.000000
4 1765360149 0.000000 1 0.000000 0.000000 0.000000
1 1765360150 0.000000 1 0.000000 0.000000 0.000000
2 1765360150 0.000000 1 0.000000 0.000000 0.000000
3 1765360150 0.000000 1 0.000000 0.000000 0.000000
4 1765360150 0.000000 1 0.000000 0.000000 0.000000
1 1765360151 1.000000 1 1.000000 1.000000 1.000000
2 1765360151 0.000000 1 0.000000 0.000000 0.000000
3 1765360151 0.000000 1 0.000000 0.000000 0.000000
4 1765360151 0.000000 1 0.000000 0.000000 0.000000
1 1765360152 1.000000 1 1.000000 1.000000 1.000000
2 1765360152 0.000000 1 0.000000 0.000000 0.000000
3 1765360152 0.000000 1 0.000000 0.000000 0.000000
4 1765360152 0.000000 1 0.000000 0.000000 0.000000
1 1765360153 1.000000 1 1.000000 1.000000 1.000000
2 1765360153 0.000000 1 0.000000 0.000000 0.000000
3 1765360153 0.000000 1 0.000000 0.000000 0.000000
4 1765360153 0.000000 1 0.000000 0.000000 0.000000
1 1765360154 1.000000 1 1.000000 1.000000 1.000000
2 1765360154 0.000000 1 0.000000 0.000000 0.000000
3 1765360154 0.000000 1 0.000000 0.000000 0.000000
4 1765360154 0.000000 1 0.000000 0.000000 0.000000
1 1765360155 1.000000 1 1.000000 1.000000 1.000000
2 1765360155 0.000000 1 0.000000 0.000000 0.000000
3 1765360155 0.000000 1 0.000000 0.000000 0.000000
4 1765360155 0.000000 1 0.000000 0.000000 0.000000
1 1765360156 1.000000 1 1.000000 1.000000 1.000000
2 1765360156 0.000000 1 0.000000 0.000000 0.000000
3 1765360156 0.000000 1 0.000000 0.000000 0.000000
4 1765360156 0.000000 1 0.000000 0.000000 0.000000
1 1765360157 1.000000 1 1.000000 1.000000 1.000000
2 1765360157 0.000000 1 0.000000 0.000000 0.000000
3 1765360157 0.000000 1 0.000000 0.000000 0.000000
4 1765360157 0.000000 1 0.000000 0.000000 0.000000
1 1765360158 1.000000 1 1.000000 1.000000 1.000000
2 1765360158 0.000000 1 0.000000 0.000000 0.000000
3 1765360158 0.000000 1 0.000000 0.000000 0.000000
4 1765360158 0.000000 1 0.000000 0.000000 0.000000
1 1765360159 1.000000 1 1.000000 1.000000 1.000000
2 1765360159 0.000000 1 0.000000 0.000000 0.000000
3 1765360159 0.000000 1 0.000000 0.000000 0.000000
4 1765360159 0.000000 1 0.000000 0.000000 0.000000
1 1765360160 1.000000 1 1.000000 1.000000 1.000000
2 1765360160 0.000000 1 0.000000 0.000000 0.000000
3 1765360160 0.000000 1 0.000000 0.000000 0.000000
4 1765360160 0.000000 1 0.000000 0.000000 0.000000
1 1765360161 1.000000 1 1.000000 1.000000 1.000000
2 1765360161 0.000000 1 0.000000 0.000000 0.000000
3 1765360161 0.000000 1 0.000000 0.000000 0.000000
4 1765360161 0.000000 1 0.000000 0.000000 0.000000
1 1765360162 2.000000 1 2.000000 2.000000 2.000000
2 1765360162 0.000000 1 0.000000 0.000000 0.000000
3 1765360162 0.000000 1 0.000000 0.000000 0.000000
4 1765360162 0.000000 1 0.000000 0.000000 0.000000
1 1765360163 2.000000 1 2.000000 2.000000 2.000000
2 1765360163 0.000000 1 0.000000 0.000000 0.000000
3 1765360163 0.000000 1 0.000000 0.000000 0.000000
4 1765360163 0.000000 1 0.000000 0.000000 0.000000
1 1765360164 2.000000 1 2.000000 2.000000 2.000000
2 1765360164 0.000000 1 0.000000 0.000000 0.000000
3 1765360164 0.000000 1 0.000000 0.000000 0.000000
4 1765360164 0.000000 1 0.000000 0.000000 0.000000
1 1765360165 2.000000 1 2.000000 2.000000 2.000000
2 1765360165 0.000000 1 0.000000 0.000000 0.000000
3 1765360165 0.000000 1 0.000000 0.000000 0.000000
4 1765360165 0.000000 1 0.000000 0.000000 0.000000
1 1765360166 2.000000 1 2.000000 2.000000 2.000000
2 1765360166 0.000000 1 0.000000 0.000000 0.000000
3 1765360166 0.000000 1 0.000000 0.000000 0.000000
4 1765360166 0.000000 1 0.000000 0.000000 0.000000
1 1765360167 2.000000 1 2.000000 2.000000 2.000000
2 1765360167 0.000000 1 0.000000 0.000000 0.000000
3 1765360167 0.000000 1 0.000000 0.000000 0.000000
4 1765360167 0.000000 1 0.000000 0.000000 0.000000
1 1765360168 2.000000 1 2.000000 2.000000 2.000000
2 1765360168 0.000000 1 0.000000 0.000000 0.000000
3 1765360168 0.000000 1 0.000000 0.000000 0.000000
4 1765360168 0.000000 1 0.000000 0.000000 0.000000
1 1765360169 2.000000 1 2.000000 2.000000 2.000000
2 1765360169 0.000000 1 0.000000 0.000000 0.000000
3 1765360169 0.000000 1 0.000000 0.000000 0.000000
4 1765360169 0.000000 1 0.000000 0.000000 0.000000
1 1765360170 2.000000 1 2.000000 2.000000 2.000000
2 1765360170 0.000000 1 0.000000 0.000000 0.000000
3 1765360170 0.000000 1 0.000000 0.000000 0.000000
4 1765360170 0.000000 1 0.000000 0.000000 0.000000
1 1765360171 2.000000 1 2.000000 2.000000 2.000000
2 1765360171 0.000000 1 0.000000 0.000000 0.000000
3 1765360171 0.000000 1 0.000000 0.000000 0.000000
4 1765360171 0.000000 1 0.000000 0.000000 0.000000
1 1765360172 2.000000 1 2.000000 2.000000 2.000000
2 1765360172 0.000000 1 0.000000 0.000000 0.000000
3 1765360172 0.000000 1 0.000000 0.000000 0.000000
4 1765360172 0.000000 1 0.000000 0.000000 0.000000
1 1765360173 3.000000 1 3.000000 3.000000 3.000000
2 1765360173 0.000000 1 0.000000 0.000000 0.000000
3 1765360173 0.000000 1 0.000000 0.000000 0.000000
4 1765360173 0.000000 1 0.000000 0.000000 0.000000
1 1765360174 3.000000 1 3.000000 3.000000 3.000000
2 1765360174 0.000000 1 0.000000 0.000000 0.000000
3 1765360174 0.000000 1 0.000000 0.000000 0.000000
4 1765360174 0.000000 1 0.000000 0.000000 0.000000
1 1765360175 3.000000 1 3.000000 3.000000 3.000000
2 1765360175 0.000000 1 0.000000 0.000000 0.000000
3 1765360175 0.000000 1 0.000000 0.000000 0.000000
4 1765360175 0.000000 1 0.000000 0.000000 0.000000
1 1765360176 3.000000 1 3.000000 3.000000 3.000000
2 1765360176 0.000000 1 0.000000 0.000000 0.000000
3 1765360176 0.000000 1 0.000000 0.000000 0.000000
4 1765360176 0.000000 1 0.000000 0.000000 0.000000
1 1765360177 3.000000 1 3.000000 3.000000 3.000000
2 1765360177 0.000000 1 0.000000 0.000000 0.000000
3 1765360177 0.000000 1 0.000000 0.000000 0.000000
4 1765360177 0.000000 1 0.000000 0.000000 0.000000
1 1765360178 3.000000 1 3.000000 3.000000 3.000000
2 1765360178 0.000000 1 0.000000 0.000000 0.000000
3 1765360178 0.000000 1 0.000000 0.000000 0.000000
4 1765360178 0.000000 1 0.000000 0.000000 0.000000
1 1765360179 3.000000 1 3.000000 3.000000 3.000000
2 1765360179 0.000000 1 0.000000 0.000000 0.000000
3 1765360179 0.000000 1 0.000000 0.000000 0.000000
4 1765360179 0.000000 1 0.000000 0.000000 0.000000
1 1765360180 3.000000 1 3.000000 3.000000 3.000000
2 1765360180 0.000000 1 0.000000 0.000000 0.000000
3 1765360180 0.000000 1 0.000000 0.000000 0.000000
4 1765360180 0.000000 1 0.000000 0.000000 0.000000
1 1765360181 3.000000 1 3.000000 3.000000 3.000000
2 1765360181 0.000000 1 0.000000 0.000000 0.000000
3 1765360181 0.000000 1 0.000000 0.000000 0.000000
4 1765360181 0.000000 1 0.000000 0.000000 0.000000
1 1765360182 3.000000 1 3.000000 3.000000 3.000000
2 1765360182 0.000000 1 0.000000 0.000000 0.000000
3 1765360182 0.000000 1 0.000000 0.000000 0.000000
4 1765360182 0.000000 1 0.000000 0.000000 0.000000
1 1765360183 3.000000 1 3.000000 3.000000 3.000000
2 1765360183 0.000000 1 0.000000 0.000000 0.000000
3 1765360183 0.000000 1 0.000000 0.000000 0.000000
4 1765360183 0.000000 1 0.000000 0.000000 0.000000
1 1765360184 3.000000 1 3.000000 3.000000 3.000000
2 1765360184 0.000000 1 0.000000 0.000000 0.000000
3 1765360184 0.000000 1 0.000000 0.000000 0.000000
4 1765360184 0.000000 1 0.000000 0.000000 0.000000
1 1765360185 3.000000 1 3.000000 3.000000 3.000000
2 1765360185 0.000000 1 0.000000 0.000000 0.000000
3 1765360185 0.000000 1 0.000000 0.000000 0.000000
4 1765360185 0.000000 1 0.000000 0.000000 0.000000
1 1765360186 4.000000 1 4.000000 4.000000 4.000000
2 1765360186 0.000000 1 0.000000 0.000000 0.000000
3 1765360186 0.000000 1 0.000000 0.000000 0.000000
4 1765360186 0.000000 1 0.000000 0.000000 0.000000
1 1765360187 4.000000 1 4.000000 4.000000 4.000000
2 1765360187 0.000000 1 0.000000 0.000000 0.000000
3 1765360187 0.000000 1 0.000000 0.000000 0.000000
4 1765360187 0.000000 1 0.000000 0.000000 0.000000
1 1765360188 4.000000 1 4.000000 4.000000 4.000000
2 1765360188 0.000000 1 0.000000 0.000000 0.000000
3 1765360188 0.000000 1 0.000000 0.000000 0.000000
4 1765360188 0.000000 1 0.000000 0.000000 0.000000
1 1765360189 4.000000 1 4.000000 4.000000 4.000000
2 1765360189 0.000000 1 0.000000 0.000000 0.000000
3 1765360189 0.000000 1 0.000000 0.000000 0.000000
4 1765360189 0.000000 1 0.000000 0.000000 0.000000
1 1765360190 4.000000 1 4.000000 4.000000 4.000000
2 1765360190 0.000000 1 0.000000 0.000000 0.000000
3 1765360190 0.000000 1 0.000000 0.000000 0.000000
4 1765360190 0.000000 1 0.000000 0.000000 0.000000
1 1765360191 4.000000 1 4.000000 4.000000 4.000000
2 1765360191 0.000000 1 0.000000 0.000000 0.000000
3 1765360191 0.000000 1 0.000000 0.000000 0.000000
4 1765360191 0.000000 1 0.000000 0.000000 0.000000
1 1765360192 4.000000 1 4.000000 4.000000 4.000000
2 1765360192 0.000000 1 0.000000 0.000000 0.000000
3 1765360192 0.000000 1 0.000000 0.000000 0.000000
4 1765360192 0.000000 1 0.000000 0.000000 0.000000
1 1765360193 4.000000 1 4.000000 4.000000 4.000000
2 1765360193 0.000000 1 0.000000 0.000000 0.000000
3 1765360193 0.000000 1 0.000000 0.000000 0.000000
4 1765360193 0.000000 1 0.000000 0.000000 0.000000
1 1765360194 4.000000 1 4.000000 4.000000 4.000000
2 1765360194 0.000000 1 0.000000 0.000000 0.000000
3 1765360194 0.000000 1 0.000000 0.000000 0.000000
4 1765360194 0.000000 1 0.000000 0.000000 0.000000
1 1765360195 4.000000 1 4.000000 4.000000 4.000000
2 1765360195 0.000000 1 0.000000 0.000000 0.000000
3 1765360195 0.000000 1 0.000000 0.000000 0.000000
4 1765360195 0.000000 1 0.000000 0.000000 0.000000
1 1765360196 4.000000 1 4.000000 4.000000 4.000000
2 1765360196 0.000000 1 0.000000 0.000000 0.000000
3 1765360196 0.000000 1 0.000000 0.000000 0.000000
4 1765360196 0.000000 1 0.000000 0.000000 0.000000
1 1765360197 5.000000 1 5.000000 5.000000 5.000000
2 1765360197 0.000000 1 0.000000 0.000000 0.000000
3 1765360197 0.000000 1 0.000000 0.000000 0.000000
4 1765360197 0.000000 1 0.000000 0.000000 0.000000
1 1765360198 5.000000 1 5.000000 5.000000 5.000000
2 1765360198 0.000000 1 0.000000 0.000000 0.000000
3 1765360198 0.000000 1 0.000000 0.000000 0.000000
4 1765360198 0.000000 1 0.000000 0.000000 0.000000
1 1765360199 5.000000 1 5.000000 5.000000 5.000000
2 1765360199 0.000000 1 0.000000 0.000000 0.000000
3 1765360199 0.000000 1 0.000000 0.000000 0.000000
4 1765360199 0.000000 1 0.000000 0.000000 0.000000
1 1765360200 5.000000 1 5.000000 5.000000 5.000000
2 1765360200 0.000000 1 0.000000 0.000000 0.000000
3 1765360200 0.000000 1 0.000000 0.000000 0.000000
4 1765360200 0.000000 1 0.000000 0.000000 0.000000
1 1765360201 5.000000 1 5.000000 5.000000 5.000000
2 1765360201 0.000000 1 0.000000 0.000000 0.000000
3 1765360201 0.000000 1 0.000000 0.000000 0.000000
4 1765360201 0.000000 1 0.000000 0.000000 0.000000
1 1765360202 5.000000 1 5.000000 5.000000 5.000000
2 1765360202 0.000000 1 0.000000 0.000000 0.000000
3 1765360202 0.000000 1 0.000000 0.000000 0.000000
4 1765360202 0.000000 1 0.000000 0.000000 0.000000
1 1765360204 5.000000 1 5.000000 5.000000 5.000000
2 1765360204 0.000000 1 0.000000 0.000000 0.000000
3 1765360204 0.000000 1 0.000000 0.000000 0.000000
4 1765360204 0.000000 1 0.000000 0.000000 0.000000
1 1765360205 5.000000 1 5.000000 5.000000 5.000000
2 1765360205 0.000000 1 0.000000 0.000000 0.000000
3 1765360205 0.000000 1 0.000000 0.000000 0.000000
4 1765360205 0.000000 1 0.000000 0.000000 0.000000
1 1765360206 5.000000 1 5.000000 5.000000 5.000000
2 1765360206 0.000000 1 0.000000 0.000000 0.000000
3 1765360206 0.000000 1 0.000000 0.000000 0.000000
4 1765360206 0.000000 1 0.000000 0.000000 0.000000
1 1765360207 5.000000 1 5.000000 5.000000 5.000000
2 1765360207 0.000000 1 0.000000 0.000000 0.000000
3 1765360207 0.000000 1 0.000000 0.000000 0.000000
4 1765360207 0.000000 1 0.000000 0.000000 0.000000
1 1765360208 5.000000 1 5.000000 5.000000 5.000000
2 1765360208 0.000000 1 0.000000 0.000000 0.000000
3 1765360208 0.000000 1 0.000000 0.000000 0.000000
4 1765360208 0.000000 1 0.000000 0.000000 0.000000
1 1765360209 5.000000 1 5.000000 5.000000 5.000000
2 1765360209 0.000000 1 0.000000 0.000000 0.000000
3 1765360209 0.000000 1 0.000000 0.000000 0.000000
4 1765360209 0.000000 1 0.000000 0.000000 0.000000
1 1765360210 5.000000 1 5.000000 5.000000 5.000000
2 1765360210 0.000000 1 0.000000 0.000000 0.000000
3 1765360210 0.000000 1 0.000000 0.000000 0.000000
4 1765360210 0.000000 1 0.000000 0.000000 0.000000
1 1765360211 6.000000 1 6.000000 6.000000 6.000000
2 1765360211 0.000000 1 0.000000 0.000000 0.000000
3 1765360211 0.000000 1 0.000000 0.000000 0.000000
4 1765360211 0.000000 1 0.000000 0.000000 0.000000
1 1765360212 6.000000 1 6.000000 6.000000 6.000000
2 1765360212 0.000000 1 0.000000 0.000000 0.000000
3 1765360212 0.000000 1 0.000000 0.000000 0.000000
4 1765360212 0.000000 1 0.000000 0.000000 0.000000
1 1765360213 6.000000 1 6.000000 6.000000 6.000000
2 1765360213 0.000000 1 0.000000 0.000000 0.000000
3 1765360213 0.000000 1 0.000000 0.000000 0.000000
4 1765360213 0.000000 1 0.000000 0.000000 0.000000
1 1765360214 6.000000 1 6.000000 6.000000 6.000000
2 1765360214 0.000000 1 0.000000 0.000000 0.000000
3 1765360214 0.000000 1 0.000000 0.000000 0.000000
4 1765360214 0.000000 1 0.000000 0.000000 0.000000
1 1765360215 6.000000 1 6.000000 6.000000 6.000000
2 1765360215 0.000000 1 0.000000 0.000000 0.000000
3 1765360215 0.000000 1 0.000000 0.000000 0.000000
4 1765360215 0.000000 1 0.000000 0.000000 0.000000
1 1765360216 6.000000 1 6.000000 6.000000 6.000000
2 1765360216 0.000000 1 0.000000 0.000000 0.000000
3 1765360216 0.000000 1 0.000000 0.000000 0.000000
4 1765360216 0.000000 1 0.000000 0.000000 0.000000
1 1765360217 6.000000 1 6.000000 6.000000 6.000000
2 1765360217 0.000000 1 0.000000 0.000000 0.000000
3 1765360217 0.000000 1 0.000000 0.000000 0.000000
4 1765360217 0.000000 1 0.000000 0.000000 0.000000
1 1765360218 6.000000 1 6.000000 6.000000 6.000000
2 1765360218 0.000000 1 0.000000 0.000000 0.000000
3 1765360218 0.000000 1 0.000000 0.000000 0.000000
4 1765360218 0.000000 1 0.000000 0.000000 0.000000
1 1765360219 6.000000 1 6.000000 6.000000 6.000000
2 1765360219 0.000000 1 0.000000 0.000000 0.000000
3 1765360219 0.000000 1 0.000000 0.000000 0.000000
4 1765360219 0.000000 1 0.000000 0.000000 0.000000
1 1765360220 6.000000 1 6.000000 6.000000 6.000000
2 1765360220 0.000000 1 0.000000 0.000000 0.000000
3 1765360220 0.000000 1 0.000000 0.000000 0.000000
4 1765360220 0.000000 1 0.000000 0.000000 0.000000
1 1765360221 6.000000 1 6.000000 6.000000 6.000000
2 1765360221 0.000000 1 0.000000 0.000000 0.000000
3 1765360221 0.000000 1 0.000000 0.000000 0.000000
4 1765360221 0.000000 1 0.000000 0.000000 0.000000
1 1765360222 7.000000 1 7.000000 7.000000 7.000000
2 1765360222 0.000000 1 0.000000 0.000000 0.000000
3 1765360222 0.000000 1 0.000000 0.000000 0.000000
4 1765360222 0.000000 1 0.000000 0.000000 0.000000
1 1765360223 7.000000 1 7.000000 7.000000 7.000000
2 1765360223 0.000000 1 0.000000 0.000000 0.000000
3 1765360223 0.000000 1 0.000000 0.000000 0.000000
4 1765360223 0.000000 1 0.000000 0.000000 0.000000
1 1765360224 7.000000 1 7.000000 7.000000 7.000000
2 1765360224 0.000000 1 0.000000 0.000000 0.000000
3 1765360224 0.000000 1 0.000000 0.000000 0.000000
4 1765360224 0.000000 1 0.000000 0.000000 0.000000
1 1765360225 7.000000 1 7.000000 7.000000 7.000000
2 1765360225 0.000000 1 0.000000 0.000000 0.000000
3 1765360225 0.000000 1 0.000000 0.000000 0.000000
4 1765360225 0.000000 1 0.000000 0.000000 0.000000
1 1765360226 7.000000 1 7.000000 7.000000 7.000000
2 1765360226 0.000000 1 0.000000 0.000000 0.000000
3 1765360226 0.000000 1 0.000000 0.000000 0.000000
4 1765360226 0.000000 1 0.000000 0.000000 0.000000
1 1765360227 7.000000 1 7.000000 7.000000 7.000000
2 1765360227 0.000000 1 0.000000 0.000000 0.000000
3 1765360227 0.000000 1 0.000000 0.000000 0.000000
4 1765360227 0.000000 1 0.000000 0.000000 0.000000
1 1765360228 7.000000 1 7.000000 7.000000 7.000000
2 1765360228 0.000000 1 0.000000 0.000000 0.000000
3 1765360228 0.000000 1 0.000000 0.000000 0.000000
4 1765360228 0.000000 1 0.000000 0.000000 0.000000
1 1765360229 7.000000 1 7.000000 7.000000 7.000000
2 1765360229 0.000000 1 0.000000 0.000000 0.000000
3 1765360229 0.000000 1 0.000000 0.000000 0.000000
4 1765360229 0.000000 1 0.000000 0.000000 0.000000
1 1765360230 7.000000 1 7.000000 7.000000 7.000000
2 1765360230 0.000000 1 0.000000 0.000000 0.000000
3 1765360230 0.000000 1 0.000000 0.000000 0.000000
4 1765360230 0.000000 1 0.000000 0.000000 0.000000
1 1765360231 7.000000 1 7.000000 7.000000 7.000000
2 1765360231 0.000000 1 0.000000 0.000000 0.000000
3 1765360231 0.000000 1 0.000000 0.000000 0.000000
4 1765360231 0.000000 1 0.000000 0.000000 0.000000
1 1765360232 7.000000 1 7.000000 7.000000 7.000000
2 1765360232 0.000000 1 0.000000 0.000000 0.000000
3 1765360232 0.000000 1 0.000000 0.000000 0.000000
4 1765360232 0.000000 1 0.000000 0.000000 0.000000
1 1765360233 7.000000 1 7.000000 7.000000 7.000000
2 1765360233 0.000000 1 0.000000 0.000000 0.000000
3 1765360233 0.000000 1 0.000000 0.000000 0.000000
4 1765360233 0.000000 1 0.000000 0.000000 0.000000
1 1765360234 8.000000 1 8.000000 8.000000 8.000000
2 1765360234 0.000000 1 0.000000 0.000000 0.000000
3 1765360234 0.000000 1 0.000000 0.000000 0.000000
4 1765360234 0.000000 1 0.000000 0.000000 0.000000
1 1765360235 8.000000 1 8.000000 8.000000 8.000000
2 1765360235 0.000000 1 0.000000 0.000000 0.000000
3 1765360235 0.000000 1 0.000000 0.000000 0.000000
4 1765360235 0.000000 1 0.000000 0.000000 0.000000
1 1765360236 8.000000 1 8.000000 8.000000 8.000000
2 1765360236 0.000000 1 0.000000 0.000000 0.000000
3 1765360236 0.000000 1 0.000000 0.000000 0.000000
4 1765360236 0.000000 1 0.000000 0.000000 0.000000
1 1765360237 8.000000 1 8.000000 8.000000 8.000000
2 1765360237 0.000000 1 0.000000 0.000000 0.000000
3 1765360237 0.000000 1 0.000000 0.000000 0.000000
4 1765360237 0.000000 1 0.000000 0.000000 0.000000
1 1765360238 8.000000 1 8.000000 8.000000 8.000000
2 1765360238 0.000000 1 0.000000 0.000000 0.000000
3 1765360238 0.000000 1 0.000000 0.000000 0.000000
4 1765360238 0.000000 1 0.000000 0.000000 0.000000
1 1765360239 8.000000 1 8.000000 8.000000 8.000000
2 1765360239 0.000000 1 0.000000 0.000000 0.000000
3 1765360239 0.000000 1 0.000000 0.000000 0.000000
4 1765360239 0.000000 1 0.000000 0.000000 0.000000
1 1765360240 8.000000 1 8.000000 8.000000 8.000000
2 1765360240 0.000000 1 0.000000 0.000000 0.000000
3 1765360240 0.000000 1 0.000000 0.000000 0.000000
4 1765360240 0.000000 1 0.000000 0.000000 0.000000
1 1765360241 8.000000 1 8.000000 8.000000 8.000000
2 1765360241 0.000000 1 0.000000 0.000000 0.000000
3 1765360241 0.000000 1 0.000000 0.000000 0.000000
4 1765360241 0.000000 1 0.000000 0.000000 0.000000
1 1765360242 8.000000 1 8.000000 8.000000 8.000000
2 1765360242 0.000000 1 0.000000 0.000000 0.000000
3 1765360242 0.000000 1 0.000000 0.000000 0.000000
4 1765360242 0.000000 1 0.000000 0.000000 0.000000
1 1765360243 8.000000 1 8.000000 8.000000 8.000000
2 1765360243 0.000000 1 0.000000 0.000000 0.000000
3 1765360243 0.000000 1 0.000000 0.000000 0.000000
4 1765360243 0.000000 1 0.000000 0.000000 0.000000
1 1765360244 8.000000 1 8.000000 8.000000 8.000000
2 1765360244 0.000000 1 0.000000 0.000000 0.000000
3 1765360244 0.000000 1 0.000000 0.000000 0.000000
4 1765360244 0.000000 1 0.000000 0.000000 0.000000
1 1765360245 8.000000 1 8.000000 8.000000 8.000000
2 1765360245 0.000000 1 0.000000 0.000000 0.000000
3 1765360245 0.000000 1 0.000000 0.000000 0.000000
4 1765360245 0.000000 1 0.000000 0.000000 0.000000
1 1765360246 9.000000 1 9.000000 9.000000 9.000000
2 1765360246 0.000000 1 0.000000 0.000000 0.000000
3 1765360246 0.000000 1 0.000000 0.000000 0.000000
4 1765360246 0.000000 1 0.000000 0.000000 0.000000
1 1765360247 9.000000 1 9.000000 9.000000 9.000000
2 1765360247 0.000000 1 0.000000 0.000000 0.000000
3 1765360247 0.000000 1 0.000000 0.000000 0.000000
4 1765360247 0.000000 1 0.000000 0.000000 0.000000
1 1765360248 9.000000 1 9.000000 9.000000 9.000000
2 1765360248 0.000000 1 0.000000 0.000000 0.000000
3 1765360248 0.000000 1 0.000000 0.000000 0.000000
4 1765360248 0.000000 1 0.000000 0.000000 0.000000
1 1765360249 9.000000 1 9.000000 9.000000 9.000000
2 1765360249 0.000000 1 0.000000 0.000000 0.000000
3 1765360249 0.000000 1 0.000000 0.000000 0.000000
4 1765360249 0.000000 1 0.000000 0.000000 0.000000
1 1765360250 9.000000 1 9.000000 9.000000 9.000000
2 1765360250 0.000000 1 0.000000 0.000000 0.000000
3 1765360250 0.000000 1 0.000000 0.000000 0.000000
4 1765360250 0.000000 1 0.000000 0.000000 0.000000
1 1765360251 9.000000 1 9.000000 9.000000 9.000000
2 1765360251 0.000000 1 0.000000 0.000000 0.000000
3 1765360251 0.000000 1 0.000000 0.000000 0.000000
4 1765360251 0.000000 1 0.000000 0.000000 0.000000
1 1765360252 9.000000 1 9.000000 9.000000 9.000000
2 1765360252 0.000000 1 0.000000 0.000000 0.000000
3 1765360252 0.000000 1 0.000000 0.000000 0.000000
4 1765360252 0.000000 1 0.000000 0.000000 0.000000
1 1765360253 9.000000 1 9.000000 9.000000 9.000000
2 1765360253 0.000000 1 0.000000 0.000000 0.000000
3 1765360253 0.000000 1 0.000000 0.000000 0.000000
4 1765360253 0.000000 1 0.000000 0.000000 0.000000
1 1765360254 9.000000 1 9.000000 9.000000 9.000000
2 1765360254 0.000000 1 0.000000 0.000000 0.000000
3 1765360254 0.000000 1 0.000000 0.000000 0.000000
4 1765360254 0.000000 1 0.000000 0.000000 0.000000
1 1765360255 9.000000 1 9.000000 9.000000 9.000000
2 1765360255 0.000000 1 0.000000 0.000000 0.000000
3 1765360255 0.000000 1 0.000000 0.000000 0.000000
4 1765360255 0.000000 1 0.000000 0.000000 0.000000
1 1765360256 9.000000 1 9.000000 9.000000 9.000000
2 1765360256 0.000000 1 0.000000 0.000000 0.000000
3 1765360256 0.000000 1 0.000000 0.000000 0.000000
4 1765360256 0.000000 1 0.000000 0.000000 0.000000
1 1765360257 9.000000 1 9.000000 9.000000 9.000000
2 1765360257 0.000000 1 0.000000 0.000000 0.000000
3 1765360257 0.000000 1 0.000000 0.000000 0.000000
4 1765360257 0.000000 1 0.000000 0.000000 0.000000
1 1765360258 10.000000 1 10.000000 10.000000 10.000000
2 1765360258 0.000000 1 0.000000 0.000000 0.000000
3 1765360258 0.000000 1 0.000000 0.000000 0.000000
4 1765360258 0.000000 1 0.000000 0.000000 0.000000
1 1765360259 10.000000 1 10.000000 10.000000 10.000000
2 1765360259 0.000000 1 0.000000 0.000000 0.000000
3 1765360259 0.000000 1 0.000000 0.000000 0.000000
4 1765360259 0.000000 1 0.000000 0.000000 0.000000
1 1765360260 10.000000 1 10.000000 10.000000 10.000000
2 1765360260 0.000000 1 0.000000 0.000000 0.000000
3 1765360260 0.000000 1 0.000000 0.000000 0.000000
4 1765360260 0.000000 1 0.000000 0.000000 0.000000
1 1765360261 10.000000 1 10.000000 10.000000 10.000000
2 1765360261 0.000000 1 0.000000 0.000000 0.000000
3 1765360261 0.000000 1 0.000000 0.000000 0.000000
4 1765360261 0.000000 1 0.000000 0.000000 0.000000
1 1765360262 10.000000 1 10.000000 10.000000 10.000000
2 1765360262 0.000000 1 0.000000 0.000000 0.000000
3 1765360262 0.000000 1 0.000000 0.000000 0.000000
4 1765360262 0.000000 1 0.000000 0.000000 0.000000
1 1765360263 10.000000 1 10.000000 10.000000 10.000000
2 1765360263 0.000000 1 0.000000 0.000000 0.000000
3 1765360263 0.000000 1 0.000000 0.000000 0.000000
4 1765360263 0.000000 1 0.000000 0.000000 0.000000
1 1765360264 10.000000 1 10.000000 10.000000 10.000000
2 1765360264 0.000000 1 0.000000 0.000000 0.000000
3 1765360264 0.000000 1 0.000000 0.000000 0.000000
4 1765360264 0.000000 1 0.000000 0.000000 0.000000
1 1765360266 10.000000 1 10.000000 10.000000 10.000000
2 1765360266 0.000000 1 0.000000 0.000000 0.000000
3 1765360266 0.000000 1 0.000000 0.000000 0.000000
4 1765360266 0.000000 1 0.000000 0.000000 0.000000
1 1765360267 10.000000 1 10.000000 10.000000 10.000000
2 1765360267 0.000000 1 0.000000 0.000000 0.000000
3 1765360267 0.000000 1 0.000000 0.000000 0.000000
4 1765360267 0.000000 1 0.000000 0.000000 0.000000
1 1765360268 10.000000 1 10.000000 10.000000 10.000000
2 1765360268 0.000000 1 0.000000 0.000000 0.000000
3 1765360268 0.000000 1 0.000000 0.000000 0.000000
4 1765360268 0.000000 1 0.000000 0.000000 0.000000
1 1765360269 10.000000 1 10.000000 10.000000 10.000000
2 1765360269 0.000000 1 0.000000 0.000000 0.000000
3 1765360269 0.000000 1 0.000000 0.000000 0.000000
4 1765360269 0.000000 1 0.000000 0.000000 0.000000
1 1765360270 10.000000 1 10.000000 10.000000 10.000000
2 1765360270 0.000000 1 0.000000 0.000000 0.000000
3 1765360270 0.000000 1 0.000000 0.000000 0.000000
4 1765360270 0.000000 1 0.000000 0.000000 0.000000
1 1765360271 10.000000 1 10.000000 10.000000 10.000000
2 1765360271 0.000000 1 0.000000 0.000000 0.000000
3 1765360271 0.000000 1 0.000000 0.000000 0.000000
4 1765360271 0.000000 1 0.000000 0.000000 0.000000
1 1765360272 10.000000 1 10.000000 10.000000 10.000000
2 1765360272 0.000000 1 0.000000 0.000000 0.000000
3 1765360272 0.000000 1 0.000000 0.000000 0.000000
4 1765360272 0.000000 1 0.000000 0.000000 0.000000
1 1765360273 10.000000 1 10.000000 10.000000 10.000000
2 1765360273 0.000000 1 0.000000 0.000000 0.000000
3 1765360273 0.000000 1 0.000000 0.000000 0.000000
4 1765360273 0.000000 1 0.000000 0.000000 0.000000
1 1765360274 10.000000 1 10.000000 10.000000 10.000000
2 1765360274 0.000000 1 0.000000 0.000000 0.000000
3 1765360274 0.000000 1 0.000000 0.000000 0.000000
4 1765360274 0.000000 1 0.000000 0.000000 0.000000
1 1765360275 10.000000 1 10.000000 10.000000 10.000000
2 1765360275 0.000000 1 0.000000 0.000000 0.000000
3 1765360275 0.000000 1 0.000000 0.000000 0.000000
4 1765360275 0.000000 1 0.000000 0.000000 0.000000
1 1765360276 10.000000 1 10.000000 10.000000 10.000000
2 1765360276 0.000000 1 0.000000 0.000000 0.000000
3 1765360276 0.000000 1 0.000000 0.000000 0.000000
4 1765360276 0.000000 1 0.000000 0.000000 0.000000
1 1765360277 10.000000 1 10.000000 10.000000 10.000000
2 1765360277 0.000000 1 0.000000 0.000000 0.000000
3 1765360277 0.000000 1 0.000000 0.000000 0.000000
4 1765360277 0.000000 1 0.000000 0.000000 0.000000
1 1765360278 10.000000 1 10.000000 10.000000 10.000000
2 1765360278 0.000000 1 0.000000 0.000000 0.000000
3 1765360278 0.000000 1 0.000000 0.000000 0.000000
4 1765360278 0.000000 1 0.000000 0.000000 0.000000
1 1765360279 10.000000 1 10.000000 10.000000 10.000000
2 1765360279 0.000000 1 0.000000 0.000000 0.000000
3 1765360279 0.000000 1 0.000000 0.000000 0.000000
4 1765360279 0.000000 1 0.000000 0.000000 0.000000
1 1765360280 10.000000 1 10.000000 10.000000 10.000000
2 1765360280 0.000000 1 0.000000 0.000000 0.000000
3 1765360280 0.000000 1 0.000000 0.000000 0.000000
4 1765360280 0.000000 1 0.000000 0.000000 0.000000
1 1765360281 10.000000 1 10.000000 10.000000 10.000000
2 1765360281 0.000000 1 0.000000 0.000000 0.000000
3 1765360281 0.000000 1 0.000000 0.000000 0.000000
4 1765360281 0.000000 1 0.000000 0.000000 0.000000
1 1765360282 10.000000 1 10.000000 10.000000 10.000000
2 1765360282 0.000000 1 0.000000 0.000000 0.000000
3 1765360282 0.000000 1 0.000000 0.000000 0.000000
4 1765360282 0.000000 1 0.000000 0.000000 0.000000
1 1765360283 10.000000 1 10.000000 10.000000 10.000000
2 1765360283 0.000000 1 0.000000 0.000000 0.000000
3 1765360283 0.000000 1 0.000000 0.000000 0.000000
4 1765360283 0.000000 1 0.000000 0.000000 0.000000
1 1765360284 10.000000 1 10.000000 10.000000 10.000000
2 1765360284 0.000000 1 0.000000 0.000000 0.000000
3 1765360284 0.000000 1 0.000000 0.000000 0.000000
4 1765360284 0.000000 1 0.000000 0.000000 0.000000
1 1765360285 10.000000 1 10.000000 10.000000 10.000000
2 1765360285 0.000000 1 0.000000 0.000000 0.000000
3 1765360285 0.000000 1 0.000000 0.000000 0.000000
4 1765360285 0.000000 1 0.000000 0.000000 0.000000
1 1765360286 10.000000 1 10.000000 10.000000 10.000000
2 1765360286 0.000000 1 0.000000 0.000000 0.000000
3 1765360286 0.000000 1 0.000000 0.000000 0.000000
4 1765360286 0.000000 1 0.000000 0.000000 0.000000
1 1765360287 10.000000 1 10.000000 10.000000 10.000000
2 1765360287 0.000000 1 0.000000 0.000000 0.000000
3 1765360287 0.000000 1 0.000000 0.000000 0.000000
4 1765360287 0.000000 1 0.000000 0.000000 0.000000
1 1765360288 10.000000 1 10.000000 10.000000 10.000000
2 1765360288 0.000000 1 0.000000 0.000000 0.000000
3 1765360288 0.000000 1 0.000000 0.000000 0.000000
4 1765360288 0.000000 1 0.000000 0.000000 0.000000
1 1765360289 10.000000 1 10.000000 10.000000 10.000000
2 1765360289 0.000000 1 0.000000 0.000000 0.000000
3 1765360289 0.000000 1 0.000000 0.000000 0.000000
4 1765360289 0.000000 1 0.000000 0.000000 0.000000
1 1765360290 10.000000 1 10.000000 10.000000 10.000000
2 1765360290 0.000000 1 0.000000 0.000000 0.000000
3 1765360290 0.000000 1 0.000000 0.000000 0.000000
4 1765360290 0.000000 1 0.000000 0.000000 0.000000
1 1765360291 10.000000 1 10.000000 10.000000 10.000000
2 1765360291 0.000000 1 0.000000 0.000000 0.000000
3 1765360291 0.000000 1 0.000000 0.000000 0.000000
4 1765360291 0.000000 1 0.000000 0.000000 0.000000
1 1765360292 10.000000 1 10.000000 10.000000 10.000000
2 1765360292 0.000000 1 0.000000 0.000000 0.000000
3 1765360292 0.000000 1 0.000000 0.000000 0.000000
4 1765360292 0.000000 1 0.000000 0.000000 0.000000
1 1765360293 10.000000 1 10.000000 10.000000 10.000000
2 1765360293 0.000000 1 0.000000 0.000000 0.000000
3 1765360293 0.000000 1 0.000000 0.000000 0.000000
4 1765360293 0.000000 1 0.000000 0.000000 0.000000
1 1765360294 10.000000 1 10.000000 10.000000 10.000000
2 1765360294 0.000000 1 0.000000 0.000000 0.000000
3 1765360294 0.000000 1 0.000000 0.000000 0.000000
4 1765360294 0.000000 1 0.000000 0.000000 0.000000
1 1765360295 10.000000 1 10.000000 10.000000 10.000000
2 1765360295 0.000000 1 0.000000 0.000000 0.000000
3 1765360295 0.000000 1 0.000000 0.000000 0.000000
4 1765360295 0.000000 1 0.000000 0.000000 0.000000
1 1765360296 10.000000 1 10.000000 10.000000 10.000000
2 1765360296 0.000000 1 0.000000 0.000000 0.000000
3 1765360296 0.000000 1 0.000000 0.000000 0.000000
4 1765360296 0.000000 1 0.000000 0.000000 0.000000
1 1765360297 10.000000 1 10.000000 10.000000 10.000000
2 1765360297 0.000000 1 0.000000 0.000000 0.000000
3 1765360297 0.000000 1 0.000000 0.000000 0.000000
4 1765360297 0.000000 1 0.000000 0.000000 0.000000
1 1765360298 10.000000 1 10.000000 10.000000 10.000000
2 1765360298 0.000000 1 0.000000 0.000000 0.000000
3 1765360298 0.000000 1 0.000000 0.000000 0.000000
4 1765360298 0.000000 1 0.000000 0.000000 0.000000
1 1765360299 10.000000 1 10.000000 10.000000 10.000000
2 1765360299 0.000000 1 0.000000 0.000000 0.000000
3 1765360299 0.000000 1 0.000000 0.000000 0.000000
4 1765360299 0.000000 1 0.000000 0.000000 0.000000
1 1765360300 10.000000 1 10.000000 10.000000 10.000000
2 1765360300 0.000000 1 0.000000 0.000000 0.000000
3 1765360300 0.000000 1 0.000000 0.000000 0.000000
4 1765360300 0.000000 1 0.000000 0.000000 0.000000
1 1765360301 10.000000 1 10.000000 10.000000 10.000000
2 1765360301 0.000000 1 0.000000 0.000000 0.000000
3 1765360301 0.000000 1 0.000000 0.000000 0.000000
4 1765360301 0.000000 1 0.000000 0.000000 0.000000
1 1765360302 10.000000 1 10.000000 10.000000 10.000000
2 1765360302 0.000000 1 0.000000 0.000000 0.000000
3 1765360302 0.000000 1 0.000000 0.000000 0.000000
4 1765360302 0.000000 1 0.000000 0.000000 0.000000
1 1765360303 10.000000 1 10.000000 10.000000 10.000000
2 1765360303 0.000000 1 0.000000 0.000000 0.000000
3 1765360303 0.000000 1 0.000000 0.000000 0.000000
4 1765360303 0.000000 1 0.000000 0.000000 0.000000
1 1765360304 10.000000 1 10.000000 10.000000 10.000000
2 1765360304 0.000000 1 0.000000 0.000000 0.000000
3 1765360304 0.000000 1 0.000000 0.000000 0.000000
4 1765360304 0.000000 1 0.000000 0.000000 0.000000
1 1765360305 10.000000 1 10.000000 10.000000 10.000000
2 1765360305 0.000000 1 0.000000 0.000000 0.000000
3 1765360305 0.000000 1 0.000000 0.000000 0.000000
4 1765360305 0.000000 1 0.000000 0.000000 0.000000
1 1765360306 10.000000 1 10.000000 10.000000 10.000000
2 1765360306 0.000000 1 0.000000 0.000000 0.000000
3 1765360306 0.000000 1 0.000000 0.000000 0.000000
4 1765360306 0.000000 1 0.000000 0.000000 0.000000
1 1765360307 10.000000 1 10.000000 10.000000 10.000000
2 1765360307 0.000000 1 0.000000 0.000000 0.000000
3 1765360307 0.000000 1 0.000000 0.000000 0.000000
4 1765360307 0.000000 1 0.000000 0.000000 0.000000
1 1765360308 10.000000 1 10.000000 10.000000 10.000000
2 1765360308 0.000000 1 0.000000 0.000000 0.000000
3 1765360308 0.000000 1 0.000000 0.000000 0.000000
4 1765360308 0.000000 1 0.000000 0.000000 0.000000
1 1765360309 10.000000 1 10.000000 10.000000 10.000000
2 1765360309 0.000000 1 0.000000 0.000000 0.000000
3 1765360309 0.000000 1 0.000000 0.000000 0.000000
4 1765360309 0.000000 1 0.000000 0.000000 0.000000
1 1765360310 10.000000 1 10.000000 10.000000 10.000000
2 1765360310 0.000000 1 0.000000 0.000000 0.000000
3 1765360310 0.000000 1 0.000000 0.000000 0.000000
4 1765360310 0.000000 1 0.000000 0.000000 0.000000
1 1765360311 10.000000 1 10.000000 10.000000 10.000000
2 1765360311 0.000000 1 0.000000 0.000000 0.000000
3 1765360311 0.000000 1 0.000000 0.000000 0.000000
4 1765360311 0.000000 1 0.000000 0.000000 0.000000
1 1765360312 10.000000 1 10.000000 10.000000 10.000000
2 1765360312 0.000000 1 0.000000 0.000000 0.000000
3 1765360312 0.000000 1 0.000000 0.000000 0.000000
4 1765360312 0.000000 1 0.000000 0.000000 0.000000
1 1765360313 10.000000 1 10.000000 10.000000 10.000000
2 1765360313 0.000000 1 0.000000 0.000000 0.000000
3 1765360313 0.000000 1 0.000000 0.000000 0.000000
4 1765360313 0.000000 1 0.000000 0.000000 0.000000
1 1765360314 10.000000 1 10.000000 10.000000 10.000000
2 1765360314 0.000000 1 0.000000 0.000000 0.000000
3 1765360314 0.000000 1 0.000000 0.000000 0.000000
4 1765360314 0.000000 1 0.000000 0.000000 0.000000
1 1765360315 10.000000 1 10.000000 10.000000 10.000000
2 1765360315 0.000000 1 0.000000 0.000000 0.000000
3 1765360315 0.000000 1 0.000000 0.000000 0.000000
4 1765360315 0.000000 1 0.000000 0.000000 0.000000
1 1765360316 10.000000 1 10.000000 10.000000 10.000000
2 1765360316 0.000000 1 0.000000 0.000000 0.000000
3 1765360316 0.000000 1 0.000000 0.000000 0.000000
4 1765360316 0.000000 1 0.000000 0.000000 0.000000
1 1765360317 10.000000 1 10.000000 10.000000 10.000000
2 1765360317 0.000000 1 0.000000 0.000000 0.000000
3 1765360317 0.000000 1 0.000000 0.000000 0.000000
4 1765360317 0.000000 1 0.000000 0.000000 0.000000
1 1765360318 10.000000 1 10.000000 10.000000 10.000000
2 1765360318 0.000000 1 0.000000 0.000000 0.000000
3 1765360318 0.000000 1 0.000000 0.000000 0.000000
4 1765360318 0.000000 1 0.000000 0.000000 0.000000
1 1765360319 10.000000 1 10.000000 10.000000 10.000000
2 1765360319 0.000000 1 0.000000 0.000000 0.000000
3 1765360319 0.000000 1 0.000000 0.000000 0.000000
4 1765360319 0.000000 1 0.000000 0.000000 0.000000
1 1765360320 10.000000 1 10.000000 10.000000 10.000000
2 1765360320 0.000000 1 0.000000 0.000000 0.000000
3 1765360320 0.000000 1 0.000000 0.000000 0.000000
4 1765360320 0.000000 1 0.000000 0.000000 0.000000
1 1765360321 10.000000 1 10.000000 10.000000 10.000000
2 1765360321 0.000000 1 0.000000 0.000000 0.000000
3 1765360321 0.000000 1 0.000000 0.000000 0.000000
4 1765360321 0.000000 1 0.000000 0.000000 0.000000
1 1765360322 10.000000 1 10.000000 10.000000 10.000000
2 1765360322 0.000000 1 0.000000 0.000000 0.000000
3 1765360322 0.000000 1 0.000000 0.000000 0.000000
4 1765360322 0.000000 1 0.000000 0.000000 0.000000
1 1765360323 10.000000 1 10.000000 10.000000 10.000000
2 1765360323 0.000000 1 0.000000 0.000000 0.000000
3 1765360323 0.000000 1 0.000000 0.000000 0.000000
4 1765360323 0.000000 1 0.000000 0.000000 0.000000
1 1765360324 10.000000 1 10.000000 10.000000 10.000000
2 1765360324 0.000000 1 0.000000 0.000000 0.000000
3 1765360324 0.000000 1 0.000000 0.000000 0.000000
4 1765360324 0.000000 1 0.000000 0.000000 0.000000
1 1765360325 10.000000 1 10.000000 10.000000 10.000000
2 1765360325 0.000000 1 0.000000 0.000000 0.000000
3 1765360325 0.000000 1 0.000000 0.000000 0.000000
4 1765360325 0.000000 1 0.000000 0.000000 0.000000
1 1765360326 10.000000 1 10.000000 10.000000 10.000000
2 1765360326 0.000000 1 0.000000 0.000000 0.000000
3 1765360326 0.000000 1 0.000000 0.000000 0.000000
4 1765360326 0.000000 1 0.000000 0.000000 0.000000
1 1765360328 10.000000 1 10.000000 10.000000 10.000000
2 1765360328 0.000000 1 0.000000 0.000000 0.000000
3 1765360328 0.000000 1 0.000000 0.000000 0.000000
4 1765360328 0.000000 1 0.000000 0.000000 0.000000
1 1765360329 10.000000 1 10.000000 10.000000 10.000000
2 1765360329 0.000000 1 0.000000 0.000000 0.000000
3 1765360329 0.000000 1 0.000000 0.000000 0.000000
4 1765360329 0.000000 1 0.000000 0.000000 0.000000
1 1765360330 10.000000 1 10.000000 10.000000 10.000000
2 1765360330 0.000000 1 0.000000 0.000000 0.000000
3 1765360330 0.000000 1 0.000000 0.000000 0.000000
4 1765360330 0.000000 1 0.000000 0.000000 0.000000
1 1765360331 10.000000 1 10.000000 10.000000 10.000000
2 1765360331 0.000000 1 0.000000 0.000000 0.000000
3 1765360331 0.000000 1 0.000000 0.000000 0.000000
4 1765360331 0.000000 1 0.000000 0.000000 0.000000
1 1765360332 10.000000 1 10.000000 10.000000 10.000000
2 1765360332 0.000000 1 0.000000 0.000000 0.000000
3 1765360332 0.000000 1 0.000000 0.000000 0.000000
4 1765360332 0.000000 1 0.000000 0.000000 0.000000
1 1765360333 10.000000 1 10.000000 10.000000 10.000000
2 1765360333 0.000000 1 0.000000 0.000000 0.000000
3 1765360333 0.000000 1 0.000000 0.000000 0.000000
4 1765360333 0.000000 1 0.000000 0.000000 0.000000
1 1765360334 10.000000 1 10.000000 10.000000 10.000000
2 1765360334 0.000000 1 0.000000 0.000000 0.000000
3 1765360334 0.000000 1 0.000000 0.000000 0.000000
4 1765360334 0.000000 1 0.000000 0.000000 0.000000
1 1765360335 10.000000 1 10.000000 10.000000 10.000000
2 1765360335 0.000000 1 0.000000 0.000000 0.000000
3 1765360335 0.000000 1 0.000000 0.000000 0.000000
4 1765360335 0.000000 1 0.000000 0.000000 0.000000
1 1765360336 10.000000 1 10.000000 10.000000 10.000000
2 1765360336 0.000000 1 0.000000 0.000000 0.000000
3 1765360336 0.000000 1 0.000000 0.000000 0.000000
4 1765360336 0.000000 1 0.000000 0.000000 0.000000
1 1765360337 10.000000 1 10.000000 10.000000 10.000000
2 1765360337 0.000000 1 0.000000 0.000000 0.000000
3 1765360337 0.000000 1 0.000000 0.000000 0.000000
4 1765360337 0.000000 1 0.000000 0.000000 0.000000
1 1765360338 10.000000 1 10.000000 10.000000 10.000000
2 1765360338 0.000000 1 0.000000 0.000000 0.000000
3 1765360338 0.000000 1 0.000000 0.000000 0.000000
4 1765360338 0.000000 1 0.000000 0.000000 0.000000
1 1765360339 10.000000 1 10.000000 10.000000 10.000000
2 1765360339 0.000000 1 0.000000 0.000000 0.000000
3 1765360339 0.000000 1 0.000000 0.000000 0.000000
4 1765360339 0.000000 1 0.000000 0.000000 0.000000
1 1765360340 10.000000 1 10.000000 10.000000 10.000000
2 1765360340 0.000000 1 0.000000 0.000000 0.000000
3 1765360340 0.000000 1 0.000000 0.000000 0.000000
4 1765360340 0.000000 1 0.000000 0.000000 0.000000
1 1765360341 10.000000 1 10.000000 10.000000 10.000000
2 1765360341 0.000000 1 0.000000 0.000000 0.000000
3 1765360341 0.000000 1 0.000000 0.000000 0.000000
4 1765360341 0.000000 1 0.000000 0.000000 0.000000
1 1765360342 10.000000 1 10.000000 10.000000 10.000000
2 1765360342 0.000000 1 0.000000 0.000000 0.000000
3 1765360342 0.000000 1 0.000000 0.000000 0.000000
4 1765360342 0.000000 1 0.000000 0.000000 0.000000
1 1765360343 10.000000 1 10.000000 10.000000 10.000000
2 1765360343 0.000000 1 0.000000 0.000000 0.000000
3 1765360343 0.000000 1 0.000000 0.000000 0.000000
4 1765360343 0.000000 1 0.000000 0.000000 0.000000
1 1765360344 10.000000 1 10.000000 10.000000 10.000000
2 1765360344 0.000000 1 0.000000 0.000000 0.000000
3 1765360344 0.000000 1 0.000000 0.000000 0.000000
4 1765360344 0.000000 1 0.000000 0.000000 0.000000
1 1765360345 10.000000 1 10.000000 10.000000 10.000000
2 1765360345 0.000000 1 0.000000 0.000000 0.000000
3 1765360345 0.000000 1 0.000000 0.000000 0.000000
4 1765360345 0.000000 1 0.000000 0.000000 0.000000
1 1765360346 10.000000 1 10.000000 10.000000 10.000000
2 1765360346 0.000000 1 0.000000 0.000000 0.000000
3 1765360346 0.000000 1 0.000000 0.000000 0.000000
4 1765360346 0.000000 1 0.000000 0.000000 0.000000
1 1765360347 10.000000 1 10.000000 10.000000 10.000000
2 1765360347 0.000000 1 0.000000 0.000000 0.000000
3 1765360347 0.000000 1 0.000000 0.000000 0.000000
4 1765360347 0.000000 1 0.000000 0.000000 0.000000
1 1765360348 10.000000 1 10.000000 10.000000 10.000000
2 1765360348 0.000000 1 0.000000 0.000000 0.000000
3 1765360348 0.000000 1 0.000000 0.000000 0.000000
4 1765360348 0.000000 1 0.000000 0.000000 0.000000
1 1765360349 10.000000 1 10.000000 10.000000 10.000000
2 1765360349 0.000000 1 0.000000 0.000000 0.000000
3 1765360349 0.000000 1 0.000000 0.000000 0.000000
4 1765360349 0.000000 1 0.000000 0.000000 0.000000
1 1765360350 10.000000 1 10.000000 10.000000 10.000000
2 1765360350 0.000000 1 0.000000 0.000000 0.000000
3 1765360350 0.000000 1 0.000000 0.000000 0.000000
4 1765360350 0.000000 1 0.000000 0.000000 0.000000
1 1765360351 10.000000 1 10.000000 10.000000 10.000000
2 1765360351 0.000000 1 0.000000 0.000000 0.000000
3 1765360351 0.000000 1 0.000000 0.000000 0.000000
4 1765360351 0.000000 1 0.000000 0.000000 0.000000
1 1765360352 10.000000 1 10.000000 10.000000 10.000000
2 1765360352 0.000000 1 0.000000 0.000000 0.000000
3 1765360352 0.000000 1 0.000000 0.000000 0.000000
4 1765360352 0.000000 1 0.000000 0.000000 0.000000
1 1765360353 10.000000 1 10.000000 10.000000 10.000000
2 1765360353 0.000000 1 0.000000 0.000000 0.000000
3 1765360353 0.000000 1 0.000000 0.000000 0.000000
4 1765360353 0.000000 1 0.000000 0.000000 0.000000
1 1765360354 10.000000 1 10.000000 10.000000 10.000000
2 1765360354 0.000000 1 0.000000 0.000000 0.000000
3 1765360354 0.000000 1 0.000000 0.000000 0.000000
4 1765360354 0.000000 1 0.000000 0.000000 0.000000
1 1765360355 10.000000 1 10.000000 10.000000 10.000000
2 1765360355 0.000000 1 0.000000 0.000000 0.000000
3 1765360355 0.000000 1 0.000000 0.000000 0.000000
4 1765360355 0.000000 1 0.000000 0.000000 0.000000
1 1765360356 10.000000 1 10.000000 10.000000 10.000000
2 1765360356 0.000000 1 0.000000 0.000000 0.000000
3 1765360356 0.000000 1 0.000000 0.000000 0.000000
4 1765360356 0.000000 1 0.000000 0.000000 0.000000
1 1765360357 10.000000 1 10.000000 10.000000 10.000000
2 1765360357 0.000000 1 0.000000 0.000000 0.000000
3 1765360357 0.000000 1 0.000000 0.000000 0.000000
4 1765360357 0.000000 1 0.000000 0.000000 0.000000
1 1765360358 10.000000 1 10.000000 10.000000 10.000000
2 1765360358 0.000000 1 0.000000 0.000000 0.000000
3 1765360358 0.000000 1 0.000000 0.000000 0.000000
4 1765360358 0.000000 1 0.000000 0.000000 0.000000
1 1765360359 10.000000 1 10.000000 10.000000 10.000000
2 1765360359 0.000000 1 0.000000 0.000000 0.000000
3 1765360359 0.000000 1 0.000000 0.000000 0.000000
4 1765360359 0.000000 1 0.000000 0.000000 0.000000
1 1765360360 10.000000 1 10.000000 10.000000 10.000000
2 1765360360 0.000000 1 0.000000 0.000000 0.000000
3 1765360360 0.000000 1 0.000000 0.000000 0.000000
4 1765360360 0.000000 1 0.000000 0.000000 0.000000
1 1765360361 10.000000 1 10.000000 10.000000 10.000000
2 1765360361 0.000000 1 0.000000 0.000000 0.000000
3 1765360361 0.000000 1 0.000000 0.000000 0.000000
4 1765360361 0.000000 1 0.000000 0.000000 0.000000
1 1765360362 10.000000 1 10.000000 10.000000 10.000000
2 1765360362 0.000000 1 0.000000 0.000000 0.000000
3 1765360362 0.000000 1 0.000000 0.000000 0.000000
4 1765360362 0.000000 1 0.000000 0.000000 0.000000
1 1765360363 10.000000 1 10.000000 10.000000 10.000000
2 1765360363 0.000000 1 0.000000 0.000000 0.000000
3 1765360363 0.000000 1 0.000000 0.000000 0.000000
4 1765360363 0.000000 1 0.000000 0.000000 0.000000
1 1765360364 10.000000 1 10.000000 10.000000 10.000000
2 1765360364 0.000000 1 0.000000 0.000000 0.000000
3 1765360364 0.000000 1 0.000000 0.000000 0.000000
4 1765360364 0.000000 1 0.000000 0.000000 0.000000
1 1765360365 10.000000 1 10.000000 10.000000 10.000000
2 1765360365 0.000000 1 0.000000 0.000000 0.000000
3 1765360365 0.000000 1 0.000000 0.000000 0.000000
4 1765360365 0.000000 1 0.000000 0.000000 0.000000
1 1765360366 10.000000 1 10.000000 10.000000 10.000000
2 1765360366 0.000000 1 0.000000 0.000000 0.000000
3 1765360366 0.000000 1 0.000000 0.000000 0.000000
4 1765360366 0.000000 1 0.000000 0.000000 0.000000
1 1765360367 10.000000 1 10.000000 10.000000 10.000000
2 1765360367 0.000000 1 0.000000 0.000000 0.000000
3 1765360367 0.000000 1 0.000000 0.000000 0.000000
4 1765360367 0.000000 1 0.000000 0.000000 0.000000
1 1765360368 10.000000 1 10.000000 10.000000 10.000000
2 1765360368 0.000000 1 0.000000 0.000000 0.000000
3 1765360368 0.000000 1 0.000000 0.000000 0.000000
4 1765360368 0.000000 1 0.000000 0.000000 0.000000
1 1765360369 10.000000 1 10.000000 10.000000 10.000000
2 1765360369 0.000000 1 0.000000 0.000000 0.000000
3 1765360369 0.000000 1 0.000000 0.000000 0.000000
4 1765360369 0.000000 1 0.000000 0.000000 0.000000
1 1765360370 10.000000 1 10.000000 10.000000 10.000000
2 1765360370 0.000000 1 0.000000 0.000000 0.000000
3 1765360370 0.000000 1 0.000000 0.000000 0.000000
4 1765360370 0.000000 1 0.000000 0.000000 0.000000
1 1765360371 10.000000 1 10.000000 10.000000 10.000000
2 1765360371 0.000000 1 0.000000 0.000000 0.000000
3 1765360371 0.000000 1 0.000000 0.000000 0.000000
4 1765360371 0.000000 1 0.000000 0.000000 0.000000
1 1765360372 10.000000 1 10.000000 10.000000 10.000000
2 1765360372 0.000000 1 0.000000 0.000000 0.000000
3 1765360372 0.000000 1 0.000000 0.000000 0.000000
4 1765360372 0.000000 1 0.000000 0.000000 0.000000
1 1765360373 10.000000 1 10.000000 10.000000 10.000000
2 1765360373 0.000000 1 0.000000 0.000000 0.000000
3 1765360373 0.000000 1 0.000000 0.000000 0.000000
4 1765360373 0.000000 1 0.000000 0.000000 0.000000
1 1765360374 10.000000 1 10.000000 10.000000 10.000000
2 1765360374 0.000000 1 0.000000 0.000000 0.000000
3 1765360374 0.000000 1 0.000000 0.000000 0.000000
4 1765360374 0.000000 1 0.000000 0.000000 0.000000
1 1765360375 10.000000 1 10.000000 10.000000 10.000000
2 1765360375 0.000000 1 0.000000 0.000000 0.000000
3 1765360375 0.000000 1 0.000000 0.000000 0.000000
4 1765360375 0.000000 1 0.000000 0.000000 0.000000
1 1765360376 10.000000 1 10.000000 10.000000 10.000000
2 1765360376 0.000000 1 0.000000 0.000000 0.000000
3 1765360376 0.000000 1 0.000000 0.000000 0.000000
4 1765360376 0.000000 1 0.000000 0.000000 0.000000
1 1765360377 10.000000 1 10.000000 10.000000 10.000000
2 1765360377 0.000000 1 0.000000 0.000000 0.000000
3 1765360377 0.000000 1 0.000000 0.000000 0.000000
4 1765360377 0.000000 1 0.000000 0.000000 0.000000
1 1765360378 10.000000 1 10.000000 10.000000 10.000000
2 1765360378 0.000000 1 0.000000 0.000000 0.000000
3 1765360378 0.000000 1 0.000000 0.000000 0.000000
4 1765360378 0.000000 1 0.000000 0.000000 0.000000
1 1765360379 10.000000 1 10.000000 10.000000 10.000000
2 1765360379 0.000000 1 0.000000 0.000000 0.000000
3 1765360379 0.000000 1 0.000000 0.000000 0.000000
4 1765360379 0.000000 1 0.000000 0.000000 0.000000
1 1765360380 10.000000 1 10.000000 10.000000 10.000000
2 1765360380 0.000000 1 0.000000 0.000000 0.000000
3 1765360380 0.000000 1 0.000000 0.000000 0.000000
4 1765360380 0.000000 1 0.000000 0.000000 0.000000
1 1765360381 10.000000 1 10.000000 10.000000 10.000000
2 1765360381 0.000000 1 0.000000 0.000000 0.000000
3 1765360381 0.000000 1 0.000000 0.000000 0.000000
4 1765360381 0.000000 1 0.000000 0.000000 0.000000
1 1765360382 10.000000 1 10.000000 10.000000 10.000000
2 1765360382 0.000000 1 0.000000 0.000000 0.000000
3 1765360382 0.000000 1 0.000000 0.000000 0.000000
4 1765360382 0.000000 1 0.000000 0.000000 0.000000
1 1765360383 10.000000 1 10.000000 10.000000 10.000000
2 1765360383 0.000000 1 0.000000 0.000000 0.000000
3 1765360383 0.000000 1 0.000000 0.000000 0.000000
4 1765360383 0.000000 1 0.000000 0.000000 0.000000
1 1765360384 10.000000 1 10.000000 10.000000 10.000000
2 1765360384 0.000000 1 0.000000 0.000000 0.000000
3 1765360384 0.000000 1 0.000000 0.000000 0.000000
4 1765360384 0.000000 1 0.000000 0.000000 0.000000
1 1765360385 10.000000 1 10.000000 10.000000 10.000000
2 1765360385 0.000000 1 0.000000 0.000000 0.000000
3 1765360385 0.000000 1 0.000000 0.000000 0.000000
4 1765360385 0.000000 1 0.000000 0.000000 0.000000
1 1765360386 10.000000 1 10.000000 10.000000 10.000000
2 1765360386 0.000000 1 0.000000 0.000000 0.000000
3 1765360386 0.000000 1 0.000000 0.000000 0.000000
4 1765360386 0.000000 1 0.000000 0.000000 0.000000
1 1765360387 10.000000 1 10.000000 10.000000 10.000000
2 1765360387 0.000000 1 0.000000 0.000000 0.000000
3 1765360387 0.000000 1 0.000000 0.000000 0.000000
4 1765360387 0.000000 1 0.000000 0.000000 0.000000
1 1765360388 10.000000 1 10.000000 10.000000 10.000000
2 1765360388 0.000000 1 0.000000 0.000000 0.000000
3 1765360388 0.000000 1 0.000000 0.000000 0.000000
4 1765360388 0.000000 1 0.000000 0.000000 0.000000
1 1765360390 10.000000 1 10.000000 10.000000 10.000000
2 1765360390 0.000000 1 0.000000 0.000000 0.000000
3 1765360390 0.000000 1 0.000000 0.000000 0.000000
4 1765360390 0.000000 1 0.000000 0.000000 0.000000
1 1765360391 10.000000 1 10.000000 10.000000 10.000000
2 1765360391 0.000000 1 0.000000 0.000000 0.000000
3 1765360391 0.000000 1 0.000000 0.000000 0.000000
4 1765360391 0.000000 1 0.000000 0.000000 0.000000
1 1765360392 10.000000 1 10.000000 10.000000 10.000000
2 1765360392 0.000000 1 0.000000 0.000000 0.000000
3 1765360392 0.000000 1 0.000000 0.000000 0.000000
4 1765360392 0.000000 1 0.000000 0.000000 0.000000
1 1765360393 10.000000 1 10.000000 10.000000 10.000000
2 1765360393 0.000000 1 0.000000 0.000000 0.000000
3 1765360393 0.000000 1 0.000000 0.000000 0.000000
4 1765360393 0.000000 1 0.000000 0.000000 0.000000
1 1765360394 10.000000 1 10.000000 10.000000 10.000000
2 1765360394 0.000000 1 0.000000 0.000000 0.000000
3 1765360394 0.000000 1 0.000000 0.000000 0.000000
4 1765360394 0.000000 1 0.000000 0.000000 0.000000
1 1765360395 9.000000 1 9.000000 9.000000 9.000000
2 1765360395 0.000000 1 0.000000 0.000000 0.000000
3 1765360395 1.000000 1 1.000000 1.000000 1.000000
4 1765360395 0.000000 1 0.000000 0.000000 0.000000
1 1765360396 9.000000 1 9.000000 9.000000 9.000000
2 1765360396 0.000000 1 0.000000 0.000000 0.000000
3 1765360396 1.000000 1 1.000000 1.000000 1.000000
4 1765360396 0.000000 1 0.000000 0.000000 0.000000
1 1765360397 9.000000 1 9.000000 9.000000 9.000000
2 1765360397 0.000000 1 0.000000 0.000000 0.000000
3 1765360397 1.000000 1 1.000000 1.000000 1.000000
4 1765360397 0.000000 1 0.000000 0.000000 0.000000
1 1765360398 9.000000 1 9.000000 9.000000 9.000000
2 1765360398 0.000000 1 0.000000 0.000000 0.000000
3 1765360398 1.000000 1 1.000000 1.000000 1.000000
4 1765360398 0.000000 1 0.000000 0.000000 0.000000
1 1765360399 9.000000 1 9.000000 9.000000 9.000000
2 1765360399 0.000000 1 0.000000 0.000000 0.000000
3 1765360399 1.000000 1 1.000000 1.000000 1.000000
4 1765360399 0.000000 1 0.000000 0.000000 0.000000
1 1765360400 9.000000 1 9.000000 9.000000 9.000000
2 1765360400 0.000000 1 0.000000 0.000000 0.000000
3 1765360400 1.000000 1 1.000000 1.000000 1.000000
4 1765360400 0.000000 1 0.000000 0.000000 0.000000
1 1765360401 9.000000 1 9.000000 9.000000 9.000000
2 1765360401 0.000000 1 0.000000 0.000000 0.000000
3 1765360401 1.000000 1 1.000000 1.000000 1.000000
4 1765360401 0.000000 1 0.000000 0.000000 0.000000
1 1765360402 9.000000 1 9.000000 9.000000 9.000000
2 1765360402 0.000000 1 0.000000 0.000000 0.000000
3 1765360402 1.000000 1 1.000000 1.000000 1.000000
4 1765360402 0.000000 1 0.000000 0.000000 0.000000
1 1765360403 9.000000 1 9.000000 9.000000 9.000000
2 1765360403 0.000000 1 0.000000 0.000000 0.000000
3 1765360403 1.000000 1 1.000000 1.000000 1.000000
4 1765360403 0.000000 1 0.000000 0.000000 0.000000
1 1765360404 8.000000 1 8.000000 8.000000 8.000000
2 1765360404 0.000000 1 0.000000 0.000000 0.000000
3 1765360404 2.000000 1 2.000000 2.000000 2.000000
4 1765360404 0.000000 1 0.000000 0.000000 0.000000
1 1765360405 8.000000 1 8.000000 8.000000 8.000000
2 1765360405 0.000000 1 0.000000 0.000000 0.000000
3 1765360405 2.000000 1 2.000000 2.000000 2.000000
4 1765360405 0.000000 1 0.000000 0.000000 0.000000
1 1765360406 8.000000 1 8.000000 8.000000 8.000000
2 1765360406 0.000000 1 0.000000 0.000000 0.000000
3 1765360406 2.000000 1 2.000000 2.000000 2.000000
4 1765360406 0.000000 1 0.000000 0.000000 0.000000
1 1765360407 8.000000 1 8.000000 8.000000 8.000000
2 1765360407 0.000000 1 0.000000 0.000000 0.000000
3 1765360407 2.000000 1 2.000000 2.000000 2.000000
4 1765360407 0.000000 1 0.000000 0.000000 0.000000
1 1765360408 8.000000 1 8.000000 8.000000 8.000000
2 1765360408 0.000000 1 0.000000 0.000000 0.000000
3 1765360408 2.000000 1 2.000000 2.000000 2.000000
4 1765360408 0.000000 1 0.000000 0.000000 0.000000
1 1765360409 7.000000 1 7.000000 7.000000 7.000000
2 1765360409 0.000000 1 0.000000 0.000000 0.000000
3 1765360409 3.000000 1 3.000000 3.000000 3.000000
4 1765360409 0.000000 1 0.000000 0.000000 0.000000
1 1765360410 7.000000 1 7.000000 7.000000 7.000000
2 1765360410 0.000000 1 0.000000 0.000000 0.000000
3 1765360410 3.000000 1 3.000000 3.000000 3.000000
4 1765360410 0.000000 1 0.000000 0.000000 0.000000
1 1765360411 7.000000 1 7.000000 7.000000 7.000000
2 1765360411 0.000000 1 0.000000 0.000000 0.000000
3 1765360411 3.000000 1 3.000000 3.000000 3.000000
4 1765360411 0.000000 1 0.000000 0.000000 0.000000
1 1765360412 7.000000 1 7.000000 7.000000 7.000000
2 1765360412 0.000000 1 0.000000 0.000000 0.000000
3 1765360412 3.000000 1 3.000000 3.000000 3.000000
4 1765360412 0.000000 1 0.000000 0.000000 0.000000
1 1765360413 7.000000 1 7.000000 7.000000 7.000000
2 1765360413 0.000000 1 0.000000 0.000000 0.000000
3 1765360413 3.000000 1 3.000000 3.000000 3.000000
4 1765360413 0.000000 1 0.000000 0.000000 0.000000
1 1765360414 6.000000 1 6.000000 6.000000 6.000000
2 1765360414 0.000000 1 0.000000 0.000000 0.000000
3 1765360414 4.000000 1 4.000000 4.000000 4.000000
4 1765360414 0.000000 1 0.000000 0.000000 0.000000
1 1765360415 6.000000 1 6.000000 6.000000 6.000000
2 1765360415 0.000000 1 0.000000 0.000000 0.000000
3 1765360415 4.000000 1 4.000000 4.000000 4.000000
4 1765360415 0.000000 1 0.000000 0.000000 0.000000
1 1765360416 6.000000 1 6.000000 6.000000 6.000000
2 1765360416 0.000000 1 0.000000 0.000000 0.000000
3 1765360416 4.000000 1 4.000000 4.000000 4.000000
4 1765360416 0.000000 1 0.000000 0.000000 0.000000
1 1765360417 6.000000 1 6.000000 6.000000 6.000000
2 1765360417 0.000000 1 0.000000 0.000000 0.000000
3 1765360417 4.000000 1 4.000000 4.000000 4.000000
4 1765360417 0.000000 1 0.000000 0.000000 0.000000
1 1765360418 6.000000 1 6.000000 6.000000 6.000000
2 1765360418 0.000000 1 0.000000 0.000000 0.000000
3 1765360418 4.000000 1 4.000000 4.000000 4.000000
4 1765360418 0.000000 1 0.000000 0.000000 0.000000
1 1765360419 5.000000 1 5.000000 5.000000 5.000000
2 1765360419 0.000000 1 0.000000 0.000000 0.000000
3 1765360419 5.000000 1 5.000000 5.000000 5.000000
4 1765360419 0.000000 1 0.000000 0.000000 0.000000
1 1765360420 5.000000 1 5.000000 5.000000 5.000000
2 1765360420 0.000000 1 0.000000 0.000000 0.000000
3 1765360420 5.000000 1 5.000000 5.000000 5.000000
4 1765360420 0.000000 1 0.000000 0.000000 0.000000
1 1765360421 5.000000 1 5.000000 5.000000 5.000000
2 1765360421 0.000000 1 0.000000 0.000000 0.000000
3 1765360421 5.000000 1 5.000000 5.000000 5.000000
4 1765360421 0.000000 1 0.000000 0.000000 0.000000
1 1765360422 5.000000 1 5.000000 5.000000 5.000000
2 1765360422 0.000000 1 0.000000 0.000000 0.000000
3 1765360422 5.000000 1 5.000000 5.000000 5.000000
4 1765360422 0.000000 1 0.000000 0.000000 0.000000
1 1765360423 4.000000 1 4.000000 4.000000 4.000000
2 1765360423 0.000000 1 0.000000 0.000000 0.000000
3 1765360423 6.000000 1 6.000000 6.000000 6.000000
4 1765360423 0.000000 1 0.000000 0.000000 0.000000
1 1765360424 4.000000 1 4.000000 4.000000 4.000000
2 1765360424 0.000000 1 0.000000 0.000000 0.000000
3 1765360424 6.000000 1 6.000000 6.000000 6.000000
4 1765360424 0.000000 1 0.000000 0.000000 0.000000
1 1765360425 4.000000 1 4.000000 4.000000 4.000000
2 1765360425 0.000000 1 0.000000 0.000000 0.000000
3 1765360425 6.000000 1 6.000000 6.000000 6.000000
4 1765360425 0.000000 1 0.000000 0.000000 0.000000
1 1765360426 3.000000 1 3.000000 3.000000 3.000000
2 1765360426 0.000000 1 0.000000 0.000000 0.000000
3 1765360426 7.000000 1 7.000000 7.000000 7.000000
4 1765360426 0.000000 1 0.000000 0.000000 0.000000
1 1765360427 3.000000 1 3.000000 3.000000 3.000000
2 1765360427 0.000000 1 0.000000 0.000000 0.000000
3 1765360427 7.000000 1 7.000000 7.000000 7.000000
4 1765360427 0.000000 1 0.000000 0.000000 0.000000
1 1765360428 3.000000 1 3.000000 3.000000 3.000000
2 1765360428 0.000000 1 0.000000 0.000000 0.000000
3 1765360428 7.000000 1 7.000000 7.000000 7.000000
4 1765360428 0.000000 1 0.000000 0.000000 0.000000
1 1765360429 3.000000 1 3.000000 3.000000 3.000000
2 1765360429 0.000000 1 0.000000 0.000000 0.000000
3 1765360429 7.000000 1 7.000000 7.000000 7.000000
4 1765360429 0.000000 1 0.000000 0.000000 0.000000
1 1765360430 3.000000 1 3.000000 3.000000 3.000000
2 1765360430 0.000000 1 0.000000 0.000000 0.000000
3 1765360430 7.000000 1 7.000000 7.000000 7.000000
4 1765360430 0.000000 1 0.000000 0.000000 0.000000
1 1765360431 2.000000 1 2.000000 2.000000 2.000000
2 1765360431 0.000000 1 0.000000 0.000000 0.000000
3 1765360431 8.000000 1 8.000000 8.000000 8.000000
4 1765360431 0.000000 1 0.000000 0.000000 0.000000
1 1765360432 2.000000 1 2.000000 2.000000 2.000000
2 1765360432 0.000000 1 0.000000 0.000000 0.000000
3 1765360432 8.000000 1 8.000000 8.000000 8.000000
4 1765360432 0.000000 1 0.000000 0.000000 0.000000
1 1765360433 2.000000 1 2.000000 2.000000 2.000000
2 1765360433 0.000000 1 0.000000 0.000000 0.000000
3 1765360433 8.000000 1 8.000000 8.000000 8.000000
4 1765360433 0.000000 1 0.000000 0.000000 0.000000
1 1765360434 2.000000 1 2.000000 2.000000 2.000000
2 1765360434 0.000000 1 0.000000 0.000000 0.000000
3 1765360434 8.000000 1 8.000000 8.000000 8.000000
4 1765360434 0.000000 1 0.000000 0.000000 0.000000
1 1765360435 1.000000 1 1.000000 1.000000 1.000000
2 1765360435 0.000000 1 0.000000 0.000000 0.000000
3 1765360435 9.000000 1 9.000000 9.000000 9.000000
4 1765360435 0.000000 1 0.000000 0.000000 0.000000
1 1765360436 1.000000 1 1.000000 1.000000 1.000000
2 1765360436 0.000000 1 0.000000 0.000000 0.000000
3 1765360436 9.000000 1 9.000000 9.000000 9.000000
4 1765360436 0.000000 1 0.000000 0.000000 0.000000
1 1765360437 1.000000 1 1.000000 1.000000 1.000000
2 1765360437 0.000000 1 0.000000 0.000000 0.000000
3 1765360437 9.000000 1 9.000000 9.000000 9.000000
4 1765360437 0.000000 1 0.000000 0.000000 0.000000
1 1765360438 1.000000 1 1.000000 1.000000 1.000000
2 1765360438 0.000000 1 0.000000 0.000000 0.000000
3 1765360438 9.000000 1 9.000000 9.000000 9.000000
4 1765360438 0.000000 1 0.000000 0.000000 0.000000
1 1765360439 1.000000 1 1.000000 1.000000 1.000000
2 1765360439 0.000000 1 0.000000 0.000000 0.000000
3 1765360439 9.000000 1 9.000000 9.000000 9.000000
4 1765360439 0.000000 1 0.000000 0.000000 0.000000
1 1765360440 0.000000 1 0.000000 0.000000 0.000000
2 1765360440 0.000000 1 0.000000 0.000000 0.000000
3 1765360440 10.000000 1 10.000000 10.000000 10.000000
4 1765360440 0.000000 1 0.000000 0.000000 0.000000
